+0 0 0000 0000
+0 0 0000 0000 
+0 0 0000 0000
+8 8 8888 8888
+7 0 0001 0000
+1 6 0010 0000
+4 1 1111 0001
+0 1 0000 0000
+4 1 2222 0001
+8 0 0000 0000
-6 0 0000 2222
+3 1 3333 0001
+1 2 0001 0000
-6 0 0000 4444
-0 0 0002 0000
-6 0 0000 5555
-7 1 0000 0002
+6 1 0002 5555
+1 1 0002 0000
+6 1 0001 4444
+8 0 0000 0000
-6 0 0000 3333
+8 0 0000 0000
-6 0 0000 1111
+1 6 0001 0000
-6 0 0000 6666
-0 0 0002 0000
-7 1 0000 0002
+1 6 0001 0002
+6 1 0001 6666
+8 0 0000 0000
+8 8 8888 8888
+0 0 0000 0018

