+0 0 0000 0000
+0 0 0000 0000
+0 0 0000 0000
+0 0 0000 0000
+0 0 0000 0000 
+0 0 0000 0000
+8 8 8888 8888
+7 0 0002 0000
-1 8 0002 0001
-0 0 0002 0000
+1 1 0000 0000
-6 0 0000 1111
+7 0 0004 0000
-5 1 0002 0004
+6 1 0002 1111
+0 1 0000 0000
-6 0 0000 2222
+5 0 0004 0003
-0 0 0005 0000
+1 1 0000 0001
+4 1 3333 0004
-0 0 0001 0000
+1 1 0000 0005
+6 1 0002 2222
-7 1 0000 0001
+8 0 0000 0000
-6 0 0000 3333
+1 1 0000 0001
+1 1 0000 0005
+0 1 0001 0004
+6 1 0002 2222
-7 1 0000 0001
+8 0 0000 0000
+8 8 8888 8888
+0 0 0000 0005
+0 0 0000 0029
+0 0 0000 0785
+0 0 0000 0009
+0 0 0000 0002
+0 0 0000 0013

